R: [0.9999999571679551, -0.000254451641205085, 0.00014463212059149855, 0.0002544553561475966, 0.9999999672968215, -2.5667638905403785e-05, -0.00014462558468872263, 2.5704440223764597e-05, 0.9999999892113609]

T: [0.0675488, 0.0, 0.0]

image_shape:
  - 1280
  - 720

left_D: [0.0, 0.0, 0.0, 0.0]

left_K: [360, 0.0, 640.5, 0.0, 360, 360.5, 0.0, 0.0, 1.0]

right_D: [0.0, 0.0, 0.0, 0.0]

right_K: [360, 0.0, 640.5, 0.0, 360, 360.5, 0.0, 0.0, 1.0]